06030001
00000104
00000044
000006D0
00000001
0601D000
0000002C
00008000
00000000
00000000
08000000
840001FF
0000007F
00000000
02000000
00000081
00000018
0601D004
00000000
00000000
00000000
00000000
0601D214
00010000
00000001
0601D020
0000002C
00008000
00000000
00000000
08000000
840001FF
0000007F
00000000
02000000
00000081
00000018
0601D024
00000000
00080000
00000000
00000000
0601D214
00010001
00000001
0401D000
0000002C
00008000
00000000
00000000
08000000
840001FF
0000007F
00000000
02000000
00000081
00000018
0401D004
00000000
00020000
00000000
00000000
0401D214
00010000
00000001
0401D020
0000002C
00008000
00000000
00000000
08000000
840001FF
0000007F
00000000
02000000
00000081
00000018
0401D024
00000000
000A0000
00000000
00000000
0401D214
00010001
00000001
0201D000
0000002C
00008000
00000000
00000000
08000000
840001FF
0000007F
00000000
02000000
00000081
00000018
0201D004
00000000
00040000
00000000
00000000
0201D214
00010000
00000001
0201D020
0000002C
00008000
00000000
00000000
08000000
840001FF
0000007F
00000000
02000000
00000081
00000018
0201D024
00000000
000C0000
00000000
00000000
0201D214
00010001
00000001
0001D000
0000002C
00008000
00000000
00000000
08000000
840001FF
0000007F
00000000
02000000
00000081
00000018
0001D004
00000000
00060000
00000000
00000000
0001D214
00010000
00000001
0001D020
0000002C
00008000
00000000
00000000
08000000
840001FF
0000007F
00000000
02000000
00000081
00000018
0001D024
00000000
000E0000
00000000
00000000
0001D214
00010001
00000001
0601D040
0000002C
00008000
00000000
00000000
02000000
A00000FF
0001FFFF
0010007F
02000000
00000081
00000018
0601D044
00000001
00000000
00000000
00000000
0601D21C
00010002
00000001
0601D060
0000002C
00008000
00000000
00000000
02000000
A00000FF
0001FFFF
0010007F
02000000
00000081
00000018
0601D064
00000001
00000000
00000000
00000000
0601D21C
00010003
00000001
0401D040
0000002C
00008000
00000000
00000000
02000000
A00000FF
0001FFFF
0010007F
02000000
00000081
00000018
0401D044
00000001
00000080
00000000
00000000
0401D21C
00010002
00000001
0401D060
0000002C
00008000
00000000
00000000
02000000
A00000FF
0001FFFF
0010007F
02000000
00000081
00000018
0401D064
00000001
00000080
00000000
00000000
0401D21C
00010003
00000001
0201D040
0000002C
00008000
00000000
00000000
02000000
A00000FF
0001FFFF
0010007F
02000000
00000081
00000018
0201D044
00000001
00000100
00000000
00000000
0201D21C
00010002
00000001
0201D060
0000002C
00008000
00000000
00000000
02000000
A00000FF
0001FFFF
0010007F
02000000
00000081
00000018
0201D064
00000001
00000100
00000000
00000000
0201D21C
00010003
00000001
0001D040
0000002C
00008000
00000000
00000000
02000000
A00000FF
0001FFFF
0010007F
02000000
00000081
00000018
0001D044
00000001
00000180
00000000
00000000
0001D21C
00010002
00000001
0001D060
0000002C
00008000
00000000
00000000
02000000
A00000FF
0001FFFF
0010007F
02000000
00000081
00000018
0001D064
00000001
00000180
00000000
00000000
0001D21C
00010003
00000001
0001D080
0000002C
00004000
00000000
00000000
08000000
840000FF
0000007F
0010FFFF
02000000
00000081
00000018
0001D084
00000002
00000000
00000000
00000003
0001D200
00000F00
00000F00
00000000
0001D204
80010004
00000001
0201D080
0000002C
00004000
00000000
00000000
08000000
840000FF
0000007F
0010FFFF
02000000
00000081
00000018
0201D084
00000002
00010000
00000000
00000003
0201D200
00000F00
00000F00
00000000
0201D204
80010004
00000001
0401D080
0000002C
00004000
00000000
00000000
08000000
840000FF
0000007F
0010FFFF
02000000
00000081
00000018
0401D084
00000002
00020000
00000000
00000003
0401D200
00000F00
00000F00
00000000
0401D204
80010004
00000001
0601D080
0000002C
00004000
00000000
00000000
08000000
840000FF
0000007F
0010FFFF
02000000
00000081
00000018
0601D084
00000002
00030000
00000000
00000003
0601D200
00000F00
00000F00
00000000
0601D204
80010004
00000080
00000010
00020000
00010100
00000080
00000010
00010000
00010100
00000080
00000010
00000000
00010100
00000080
00000010
00030000
00010100
